Image shape: (28, 28)
Min value: 0.0
Max value: 255.0

Image array (28x28):
   0.000    0.000    0.000    0.000    0.000    0.000    0.000    0.000    0.000    0.000    0.000    0.000    0.000    0.000    0.000    0.000    0.000    0.000    0.000    0.000    0.000    0.000    0.000    0.000    0.000    0.000    0.000    0.000
   0.000    0.000    0.000    0.000    0.000    0.000    0.000    0.000    0.000    0.000    0.000    0.000    0.000    0.000    0.000    0.000    0.000    0.000    0.000    0.000    0.000    0.000    0.000    0.000    0.000    0.000    0.000    0.000
   0.000    0.000    0.000    0.000    0.000    0.000    0.000    0.000    0.000    0.000    0.000    0.000    0.000    0.000    0.000    0.000    0.000    0.000    0.000    0.000    0.000    0.000    0.000    0.000    0.000    0.000    0.000    0.000
   0.000    0.000    0.000    0.000    0.000    0.000    0.000    0.000    0.000    0.000    0.000    0.000    0.000    0.000    0.000    0.000    0.000    0.000    0.000    0.000    0.000    0.000    0.000    0.000    0.000    0.000    0.000    0.000
   0.000    0.000    0.000    0.000    0.000    0.000    0.000    0.000  237.000  231.000  245.000  211.000   40.000   32.000   32.000   32.000    6.000    0.000    0.000    0.000    0.000    0.000    0.000    0.000    0.000    0.000    0.000    0.000
   0.000    0.000    0.000    0.000    0.000    0.000    0.000    0.000   70.000   39.000  110.000  156.000  159.000  159.000  161.000  239.000  127.000   96.000   95.000   12.000    0.000    0.000    0.000    0.000    0.000    0.000    0.000    0.000
   0.000    0.000    0.000    0.000    0.000    0.000    0.000    0.000    0.000    0.000    0.000    0.000    0.000    0.000    1.000   80.000   96.000   96.000  195.000  171.000  156.000   83.000    0.000    0.000    0.000    0.000    0.000    0.000
   0.000    0.000    0.000    0.000    0.000    0.000    0.000    0.000    0.000    0.000    0.000    0.000    0.000    0.000    0.000    0.000    0.000    0.000   20.000   32.000   63.000  240.000  174.000   18.000    0.000    0.000    0.000    0.000
   0.000    0.000    0.000    0.000    0.000    0.000    0.000    0.000    0.000    0.000    0.000    0.000    0.000    0.000    0.000    0.000    0.000    0.000    0.000    0.000    0.000    0.000  159.000   32.000    0.000    0.000    0.000    0.000
   0.000    0.000    0.000    0.000    0.000    0.000    0.000    0.000    0.000    0.000    0.000    0.000    0.000    0.000    0.000    0.000    0.000    0.000    0.000    0.000    0.000   36.000  195.000   32.000    0.000    0.000    0.000    0.000
   0.000    0.000    0.000    0.000    0.000    0.000    0.000    0.000    0.000    0.000    0.000    0.000    0.000    0.000    0.000    0.000    0.000    0.000    0.000   74.000  159.000  195.000  155.000   12.000    0.000    0.000    0.000    0.000
   0.000    0.000    0.000    0.000    0.000    0.000    0.000    0.000    0.000    0.000    0.000    0.000    0.000    0.000    0.000    0.000  189.000  223.000  223.000  238.000  118.000   32.000   12.000    0.000    0.000    0.000    0.000    0.000
   0.000    0.000    0.000    0.000    0.000    0.000    0.000    0.000    2.000   22.000   32.000   32.000   75.000  242.000  225.000  223.000  206.000   53.000    0.000    0.000    0.000    0.000    0.000    0.000    0.000    0.000    0.000    0.000
   0.000    0.000    0.000    0.000    0.000    0.000    0.000    0.000   10.000  110.000  219.000  255.000  172.000  111.000   11.000    0.000    0.000    0.000    0.000    0.000    0.000    0.000    0.000    0.000    0.000    0.000    0.000    0.000
   0.000    0.000    0.000    0.000    0.000    0.000    0.000    0.000    0.000    0.000   60.000  128.000  172.000   99.000    0.000    0.000    0.000    0.000    0.000    0.000    0.000    0.000    0.000    0.000    0.000    0.000    0.000    0.000
   0.000    0.000    0.000    0.000    0.000    0.000    0.000    0.000    0.000    0.000    0.000    6.000   60.000  243.000   84.000    0.000    0.000    0.000    0.000    0.000    0.000    0.000    0.000    0.000    0.000    0.000    0.000    0.000
   0.000    0.000    0.000    0.000    0.000    0.000    0.000    0.000    0.000    0.000    0.000    0.000    0.000   84.000  243.000   60.000    0.000    0.000    0.000    0.000    0.000    0.000    0.000    0.000    0.000    0.000    0.000    0.000
   0.000    0.000    0.000    0.000    0.000    0.000    0.000    0.000    0.000    0.000    0.000    0.000    0.000    0.000  100.000  243.000   82.000    0.000    0.000    0.000    0.000    0.000    0.000    0.000    0.000    0.000    0.000    0.000
   0.000    0.000    0.000    0.000    0.000    0.000    0.000    0.000    0.000    0.000    0.000    0.000    0.000    0.000    0.000   84.000  232.000   52.000    0.000    0.000    0.000    0.000    0.000    0.000    0.000    0.000    0.000    0.000
   0.000    0.000    0.000    0.000    0.000    0.000    0.000    0.000    0.000    0.000    0.000    0.000    0.000    0.000    0.000    0.000   66.000  150.000    0.000    0.000    0.000    0.000    0.000    0.000    0.000    0.000    0.000    0.000
   0.000    0.000    0.000    0.000    0.000    0.000    0.000    0.000    0.000    0.000    0.000    0.000    0.000    0.000    0.000    0.000   28.000  234.000   94.000    0.000    0.000    0.000    0.000    0.000    0.000    0.000    0.000    0.000
   0.000    0.000    0.000    0.000    0.000    0.000    0.000    0.000    0.000    0.000    0.000    0.000    0.000    0.000    0.000    0.000    0.000   96.000  122.000    5.000    0.000    0.000    0.000    0.000    0.000    0.000    0.000    0.000
   0.000    0.000    0.000    0.000    0.000    0.000    0.000    0.000    0.000    0.000    0.000    0.000    0.000    0.000    0.000    0.000    0.000   94.000  219.000   25.000    0.000    0.000    0.000    0.000    0.000    0.000    0.000    0.000
   0.000    0.000    0.000    0.000    0.000    0.000    0.000    0.000   28.000  223.000  223.000  223.000  223.000  223.000  223.000  223.000  223.000  235.000  115.000    4.000    0.000    0.000    0.000    0.000    0.000    0.000    0.000    0.000
   0.000    0.000    0.000    0.000    0.000    0.000    0.000    0.000   19.000   96.000    2.000    0.000    0.000    0.000    0.000    0.000    0.000    0.000    0.000    0.000    0.000    0.000    0.000    0.000    0.000    0.000    0.000    0.000
   0.000    0.000    0.000    0.000    0.000    0.000    0.000    0.000    0.000    0.000    0.000    0.000    0.000    0.000    0.000    0.000    0.000    0.000    0.000    0.000    0.000    0.000    0.000    0.000    0.000    0.000    0.000    0.000
   0.000    0.000    0.000    0.000    0.000    0.000    0.000    0.000    0.000    0.000    0.000    0.000    0.000    0.000    0.000    0.000    0.000    0.000    0.000    0.000    0.000    0.000    0.000    0.000    0.000    0.000    0.000    0.000
   0.000    0.000    0.000    0.000    0.000    0.000    0.000    0.000    0.000    0.000    0.000    0.000    0.000    0.000    0.000    0.000    0.000    0.000    0.000    0.000    0.000    0.000    0.000    0.000    0.000    0.000    0.000    0.000
